Initial probabilities
5.46193e-95
0.5
3.65217e-94
3.21437e-90
1.9235e-19
0.5
6.85814e-13
2.64596e-13
Transition probabilities
0.0335097	0.333714	0.569254	0.0622154	4.38608e-05	0.000436798	0.000745097	8.14338e-05	
0.119004	0.389974	0.312036	0.177678	0.000155765	0.000510437	0.000408425	0.000232563	
0.0907086	0.377498	0.408557	0.12193	0.000118728	0.000494107	0.00053476	0.000159594	
0.0167651	0.403494	0.472885	0.105549	2.19438e-05	0.000528134	0.000618959	0.000138152	
2.83489e-06	2.04105e-06	2.64929e-06	2.43344e-06	0.284663	0.20495	0.266026	0.244352	
3.52845e-06	2.65355e-06	7.36695e-07	3.03997e-06	0.354306	0.266453	0.0739745	0.305256	
2.65556e-06	2.18258e-06	2.6609e-06	2.45964e-06	0.266655	0.219161	0.267191	0.246982	
1.90669e-06	2.21511e-06	2.86274e-06	2.97413e-06	0.191458	0.222428	0.28746	0.298644	
Emission probabilities
0.999516	0.0301264	0.0614495	0.054698	0.999997	1.30253e-06	1.146e-06	1.1144e-06	
8.33525e-06	0.964936	6.2109e-06	1.1214e-05	9.20416e-07	0.999825	1.07938e-06	8.75889e-07	
3.37392e-06	0.00191127	0.938474	9.7457e-06	8.97459e-07	3.77774e-05	0.999997	9.36522e-07	
0.000472752	0.0030266	7.01681e-05	0.945281	1.04198e-06	0.000135911	1.23367e-06	0.999997	
