Initial probabilities
0.125
0.125
0.125
0.125
0.125
0.125
0.125
0.125
Transition probabilities
0.171	0.2603	0.4047	0.114	0.015	0.01025	0.01425	0.0105	
0.16245	0.34865	0.2603	0.1786	0.01275	0.016	0.00505	0.0162	
0.15295	0.32205	0.35625	0.11875	0.0124	0.0123	0.0149	0.0104	
0.07505	0.33725	0.3648	0.1729	0.00885	0.01195	0.0146	0.0146	
0.0036	0.00548	0.00852	0.0024	0.294	0.2009	0.2793	0.2058	
0.00342	0.00734	0.00548	0.00376	0.2499	0.3136	0.09898	0.31752	
0.00322	0.00678	0.0075	0.0025	0.24304	0.24108	0.29204	0.20384	
0.00158	0.0071	0.00768	0.00364	0.17346	0.23422	0.28616	0.28616	
Emission probabilities
.999997	.000001	.000001	.000001	.999997	.000001	.000001	.000001
.000001	.999997	.000001	.000001	.000001	.999997	.000001	.000001
.000001	.000001	.999997	.000001	.000001	.000001	.999997	.000001
.000001	.000001	.000001	.999997	.000001	.000001	.000001	.999997
